1 8.360748
2 1.920364
3 1.803694
4 1.7810761
5 1.7574782
6 1.7333746
7 1.7090651
8 1.6845655
9 1.6598471
10 1.6348777
11 1.6096268
12 1.5840656
13 1.5581691
14 1.5319148
15 1.5052838
16 1.4782599
17 1.45083
18 1.4229859
19 1.3947216
20 1.3660363
21 1.3369329
22 1.3074187
23 1.2775052
24 1.2472086
25 1.2165501
26 1.1855556
27 1.1542556
28 1.1226852
29 1.0908849
30 1.0588992
31 1.0267771
32 0.9945719
33 0.9623403
34 0.93014234
35 0.898041
36 0.86610186
37 0.834391
38 0.8029767
39 0.77192646
40 0.7413079
41 0.7111869
42 0.6816271
43 0.65268993
44 0.62443304
45 0.59690946
46 0.57016855
47 0.5442537
48 0.51920205
49 0.4950464
50 0.47181255
51 0.44952005
52 0.4281827
53 0.4078079
54 0.38839743
55 0.36994722
56 0.35244873
57 0.3358879
58 0.3202466
59 0.30550283
60 0.29163137
61 0.27860388
62 0.26639012
63 0.25495774
64 0.2442727
65 0.23430066
66 0.22500587
67 0.21635365
68 0.2083082
69 0.2008347
70 0.19389893
71 0.18746789
72 0.18150872
73 0.1759909
74 0.17088413
75 0.16616026
76 0.16179195
77 0.15775381
78 0.15402156
79 0.15057239
80 0.1473851
81 0.14443965
82 0.14171746
83 0.13920113
84 0.13687463
85 0.13472296
86 0.13273226
87 0.1308897
88 0.12918355
89 0.12760301
90 0.12613775
91 0.12477889
92 0.12351783
93 0.122346625
94 0.12125827
95 0.12024614
96 0.11930407
97 0.11842671
98 0.11760904
99 0.11684622
100 0.11613406
